timestamp				nodes			solutions found		solve time
2019-04-26T18:03:34.388839		1465.0		 50.0		 0.0017963333333333334
2019-04-26T18:03:34.476492		1465.0		 50.0		 0.001706222222222222
2019-04-26T18:03:34.615224		1465.0		 50.0		 0.001078777777777778
2019-04-26T18:03:34.750534		1465.0		 50.0		 0.001590888888888889
2019-04-26T18:03:34.880885		1465.0		 50.0		 0.0020516666666666665
2019-04-26T18:03:35.028444		1465.0		 50.0		 0.002057888888888889
2019-04-26T18:03:35.203384		1465.0		 50.0		 0.0029855555555555555
2019-04-26T18:03:35.331309		1465.0		 50.0		 0.0028447777777777777
2019-04-26T18:03:35.470643		1465.0		 50.0		 0.0029484444444444445
2019-04-26T18:03:35.625883		1465.0		 50.0		 0.0031712222222222224
2019-04-26T18:04:59.773478		1465.0		 50.0		 0.0015868888888888888
2019-04-26T18:05:00.882727		1465.0		 50.0		 0.001861888888888889
2019-04-26T18:05:02.103705		1465.0		 50.0		 0.003027222222222222
2019-04-26T18:05:03.287420		1465.0		 50.0		 0.001984555555555556
2019-04-26T18:05:04.427855		1465.0		 50.0		 0.003094
2019-04-26T18:05:05.732790		1465.0		 50.0		 0.0016398888888888889
2019-04-26T18:05:06.978919		1465.0		 50.0		 0.0019900000000000004
2019-04-26T18:05:08.063408		1465.0		 50.0		 0.002270888888888889
2019-04-26T18:05:09.271009		1465.0		 50.0		 0.002018
2019-04-26T18:05:10.340206		1465.0		 50.0		 0.0015652222222222222
2019-04-26T18:06:35.917219		1465.0		 50.0		 0.0017154444444444446
2019-04-26T18:06:36.546548		1465.0		 50.0		 0.0033094444444444443
2019-04-26T18:06:37.175220		1465.0		 50.0		 0.0013913333333333334
2019-04-26T18:06:37.778671		1465.0		 50.0		 0.002017777777777777
2019-04-26T18:06:38.298352		1465.0		 50.0		 0.001422888888888889
2019-04-26T18:06:38.969814		1465.0		 50.0		 0.003090222222222222
2019-04-26T18:06:39.621953		1465.0		 50.0		 0.004100111111111111
2019-04-26T18:06:40.284631		1465.0		 50.0		 0.002465
2019-04-26T18:06:40.930667		1465.0		 50.0		 0.0028489999999999995
2019-04-26T18:06:41.583676		1465.0		 50.0		 0.0022573333333333334
2019-04-26T18:07:37.168986		1465.0		 50.0		 0.0018458888888888889
2019-04-26T18:07:39.854162		1465.0		 50.0		 0.002041
2019-04-26T18:07:40.469445		1465.0		 50.0		 0.0033527777777777774
2019-04-26T18:07:41.093456		1465.0		 50.0		 0.003670555555555556
2019-04-26T18:07:41.714733		1465.0		 50.0		 0.0032152222222222217
2019-04-26T18:07:42.223255		1465.0		 50.0		 0.0012987777777777778
2019-04-26T18:07:42.830165		1465.0		 50.0		 0.002631333333333333
2019-04-26T18:07:43.460756		1465.0		 50.0		 0.003976555555555556
2019-04-26T18:07:44.163603		1465.0		 50.0		 0.003453666666666666
2019-04-26T18:07:44.672959		1465.0		 50.0		 0.0015625555555555557
2019-04-26T18:07:45.332973		1465.0		 50.0		 0.0037163333333333336
2019-04-26T18:12:26.465631		1465.0		 50.0		 0.0010514444444444443
2019-04-26T18:12:27.102262		1465.0		 50.0		 0.001874222222222222
2019-04-26T18:12:27.714071		1465.0		 50.0		 0.0029240000000000004
2019-04-26T18:12:28.362902		1465.0		 50.0		 0.002240666666666667
2019-04-26T18:12:28.936155		1465.0		 50.0		 0.003821666666666667
2019-04-26T18:12:29.540505		1465.0		 50.0		 0.0025864444444444446
2019-04-26T18:13:13.898738		1465.0		 50.0		 0.0012956666666666668
2019-04-26T18:13:14.471044		1465.0		 50.0		 0.0029265555555555555
2019-04-26T18:13:15.062968		1465.0		 50.0		 0.003260666666666667
2019-04-26T18:13:15.707509		1465.0		 50.0		 0.002325
2019-04-26T18:13:16.328833		1465.0		 50.0		 0.0030543333333333334
2019-04-26T18:13:16.929101		1465.0		 50.0		 0.002093111111111111
2019-04-26T18:13:17.565204		1465.0		 50.0		 0.0030900000000000003
2019-04-26T18:13:18.072346		1465.0		 50.0		 0.0019320000000000001
2019-04-26T18:13:18.744312		1465.0		 50.0		 0.0030035555555555558
2019-04-26T18:13:19.401863		1465.0		 50.0		 0.002794111111111111
2019-04-26T18:14:07.388175		1465.0		 50.0		 0.001565888888888889
2019-04-26T18:14:07.973265		1465.0		 50.0		 0.003267333333333333
2019-04-26T18:14:08.569587		1465.0		 50.0		 0.0018077777777777777
2019-04-26T18:14:09.073959		1465.0		 50.0		 0.0023023333333333333
2019-04-26T18:14:09.576227		1465.0		 50.0		 0.00084
2019-04-26T18:14:10.171577		1465.0		 50.0		 0.003388333333333333
2019-04-26T18:14:10.743789		1465.0		 50.0		 0.003966333333333334
2019-04-26T18:14:11.431374		1465.0		 50.0		 0.0038724444444444444
2019-04-26T18:14:12.069075		1465.0		 50.0		 0.0015131111111111111
2019-04-26T18:14:12.700417		1465.0		 50.0		 0.0038759999999999997
2019-04-26T18:16:35.989743		1465.0		 50.0		 0.0017971111111111113
2019-04-26T18:16:36.580531		1465.0		 50.0		 0.0030915555555555553
2019-04-26T18:16:37.156376		1465.0		 50.0		 0.0014036666666666668
2019-04-26T18:16:37.730845		1465.0		 50.0		 0.004095555555555556
2019-04-26T18:16:38.455123		1465.0		 50.0		 0.002937888888888889
2019-04-26T18:16:39.167561		1465.0		 50.0		 0.002708777777777778
2019-04-26T18:16:39.819329		1465.0		 50.0		 0.003334444444444444
2019-04-26T18:16:40.284123		1465.0		 50.0		 0.001194777777777778
2019-04-26T18:16:40.864921		1465.0		 50.0		 0.003872666666666667
2019-04-26T18:16:41.499590		1465.0		 50.0		 0.0036238888888888896
2019-04-26T18:17:13.498254		1465.0		 50.0		 0.0015548888888888889
2019-04-26T18:17:14.091324		1465.0		 50.0		 0.0017044444444444444
2019-04-26T18:17:14.649613		1465.0		 50.0		 0.001775666666666667
2019-04-26T18:17:15.136306		1465.0		 50.0		 0.0019114444444444443
2019-04-26T18:17:15.742963		1465.0		 50.0		 0.002895
2019-04-26T18:17:16.394601		1465.0		 50.0		 0.003384666666666666
2019-04-26T18:17:17.004601		1465.0		 50.0		 0.003637111111111111
2019-04-26T18:17:17.611769		1465.0		 50.0		 0.0017727777777777774
2019-04-26T18:17:18.156526		1465.0		 50.0		 0.0017205555555555557
2019-04-26T18:17:18.689869		1465.0		 50.0		 0.001658111111111111
2019-04-26T18:18:08.294381		1465.0		 50.0		 0.000711888888888889
2019-04-26T18:18:08.373837		1465.0		 50.0		 0.0011343333333333333
2019-04-26T18:18:08.442569		1465.0		 50.0		 0.0015472222222222222
2019-04-26T18:18:08.579028		1465.0		 50.0		 0.002718666666666667
2019-04-26T18:18:08.681880		1465.0		 50.0		 0.002327333333333333
2019-04-26T18:18:08.876098		1465.0		 50.0		 0.0031567777777777774
2019-04-26T18:18:09.072325		1465.0		 50.0		 0.003404888888888889
2019-04-26T18:18:09.190969		1465.0		 50.0		 0.0034044444444444443
2019-04-26T18:18:09.345394		1465.0		 50.0		 0.003875222222222222
2019-04-26T18:18:09.486028		1465.0		 50.0		 0.0033038888888888888
2019-04-26T20:17:41.513533		1465.0		 50.0		 0.0017657777777777778
2019-04-26T20:17:51.239802		1465.0		 50.0		 0.0009002222222222222
2019-04-26T20:18:00.922517		1465.0		 50.0		 0.0017804444444444445
2019-04-26T20:18:10.372437		1465.0		 50.0		 0.0017180000000000001
2019-04-26T20:18:20.008418		1465.0		 50.0		 0.001275
2019-04-26T20:18:29.483691		1465.0		 50.0		 0.002113111111111111
2019-04-26T20:18:39.062950		1465.0		 50.0		 0.002245444444444444
2019-04-26T20:18:48.728218		1465.0		 50.0		 0.0010628888888888888
