timestamp				nodes			solutions found		solve time
2019-04-26T18:03:34.385667		2781.0		 50.0		 0.0018593333333333335
2019-04-26T18:03:34.472967		2781.0		 50.0		 0.001341111111111111
2019-04-26T18:03:34.616700		2781.0		 50.0		 0.0014147777777777778
2019-04-26T18:03:34.762711		2781.0		 50.0		 0.0014978888888888889
2019-04-26T18:03:34.883315		2781.0		 50.0		 0.001266111111111111
2019-04-26T18:03:35.011409		2781.0		 50.0		 0.0014594444444444446
2019-04-26T18:03:35.199908		2781.0		 50.0		 0.004121444444444444
2019-04-26T18:03:35.326204		2781.0		 50.0		 0.0032564444444444446
2019-04-26T18:03:35.487176		2781.0		 50.0		 0.0036842222222222224
2019-04-26T18:03:35.638859		2781.0		 50.0		 0.0034157777777777784
2019-04-26T18:04:59.786279		2781.0		 50.0		 0.001658111111111111
2019-04-26T18:05:00.859332		2781.0		 50.0		 0.0016112222222222222
2019-04-26T18:05:02.098704		2781.0		 50.0		 0.003313111111111111
2019-04-26T18:05:03.254810		2781.0		 50.0		 0.0015407777777777776
2019-04-26T18:05:04.443667		2781.0		 50.0		 0.004315333333333333
2019-04-26T18:05:05.726009		2781.0		 50.0		 0.0019507777777777778
2019-04-26T18:05:06.961935		2781.0		 50.0		 0.002489111111111111
2019-04-26T18:05:08.062415		2781.0		 50.0		 0.0021911111111111107
2019-04-26T18:05:09.246904		2781.0		 50.0		 0.0033086666666666664
2019-04-26T18:05:10.305880		2781.0		 50.0		 0.0007300000000000001
2019-04-26T18:06:35.877783		2781.0		 50.0		 0.00142
2019-04-26T18:06:36.548705		2781.0		 50.0		 0.003149222222222222
2019-04-26T18:06:37.126463		2781.0		 50.0		 0.0018586666666666667
2019-04-26T18:06:37.715458		2781.0		 50.0		 0.0022475555555555556
2019-04-26T18:06:38.290983		2781.0		 50.0		 0.0015856666666666669
2019-04-26T18:06:38.950854		2781.0		 50.0		 0.0031493333333333334
2019-04-26T18:06:39.632148		2781.0		 50.0		 0.004297111111111111
2019-04-26T18:06:40.251817		2781.0		 50.0		 0.0032256666666666666
2019-04-26T18:06:40.904151		2781.0		 50.0		 0.003310777777777778
2019-04-26T18:06:41.567552		2781.0		 50.0		 0.0012662222222222224
2019-04-26T18:07:37.085828		2781.0		 50.0		 0.0017653333333333332
2019-04-26T18:07:39.810785		2781.0		 50.0		 0.0019514444444444442
2019-04-26T18:07:40.446187		2781.0		 50.0		 0.0033724444444444444
2019-04-26T18:07:41.091336		2781.0		 50.0		 0.004045666666666666
2019-04-26T18:07:41.676324		2781.0		 50.0		 0.003509222222222222
2019-04-26T18:07:42.245279		2781.0		 50.0		 0.001285888888888889
2019-04-26T18:07:42.834192		2781.0		 50.0		 0.0034100000000000003
2019-04-26T18:07:43.510539		2781.0		 50.0		 0.0034595555555555556
2019-04-26T18:07:44.108026		2781.0		 50.0		 0.003984
2019-04-26T18:07:44.685552		2781.0		 50.0		 0.0020007777777777775
2019-04-26T18:07:45.317014		2781.0		 50.0		 0.0037083333333333334
2019-04-26T18:12:26.453875		2781.0		 50.0		 0.0014747777777777778
2019-04-26T18:12:27.093217		2781.0		 50.0		 0.0020304444444444445
2019-04-26T18:12:27.713174		2781.0		 50.0		 0.0030793333333333332
2019-04-26T18:12:28.319545		2781.0		 50.0		 0.0027095555555555558
2019-04-26T18:12:28.928271		2781.0		 50.0		 0.003841222222222223
2019-04-26T18:12:29.519902		2781.0		 50.0		 0.003554333333333334
2019-04-26T18:13:13.859355		2781.0		 50.0		 0.0016545555555555558
2019-04-26T18:13:14.477600		2781.0		 50.0		 0.002778222222222222
2019-04-26T18:13:15.047070		2781.0		 50.0		 0.003552111111111112
2019-04-26T18:13:15.735717		2781.0		 50.0		 0.0028565555555555558
2019-04-26T18:13:16.361582		2781.0		 50.0		 0.0025754444444444444
2019-04-26T18:13:16.933681		2781.0		 50.0		 0.0040820000000000006
2019-04-26T18:13:17.552636		2781.0		 50.0		 0.0024925555555555556
2019-04-26T18:13:18.053317		2781.0		 50.0		 0.0014831111111111113
2019-04-26T18:13:18.771571		2781.0		 50.0		 0.003295888888888889
2019-04-26T18:14:07.397176		2781.0		 50.0		 0.0018388888888888888
2019-04-26T18:14:07.975328		2781.0		 50.0		 0.002163111111111111
2019-04-26T18:14:08.560468		2781.0		 50.0		 0.0018321111111111112
2019-04-26T18:14:09.075800		2781.0		 50.0		 0.002102
2019-04-26T18:14:09.562695		2781.0		 50.0		 0.0017892222222222224
2019-04-26T18:14:10.176916		2781.0		 50.0		 0.003393
2019-04-26T18:14:10.738585		2781.0		 50.0		 0.0038989999999999997
2019-04-26T18:14:11.392497		2781.0		 50.0		 0.0045564444444444446
2019-04-26T18:14:12.069332		2781.0		 50.0		 0.0014048888888888887
2019-04-26T18:14:12.668984		2781.0		 50.0		 0.003767666666666666
2019-04-26T18:16:35.990729		2781.0		 50.0		 0.0017124444444444444
2019-04-26T18:16:36.567043		2781.0		 50.0		 0.003912111111111112
2019-04-26T18:16:37.120284		2781.0		 50.0		 0.0016364444444444447
2019-04-26T18:16:37.724935		2781.0		 50.0		 0.003939777777777778
2019-04-26T18:16:38.413103		2781.0		 50.0		 0.004264888888888889
2019-04-26T18:16:39.163009		2781.0		 50.0		 0.0024866666666666665
2019-04-26T18:16:39.804418		2781.0		 50.0		 0.003494444444444444
2019-04-26T18:16:40.318240		2781.0		 50.0		 0.0016747777777777776
2019-04-26T18:16:40.898845		2781.0		 50.0		 0.0036737777777777775
2019-04-26T18:16:41.528459		2781.0		 50.0		 0.0028994444444444445
2019-04-26T18:17:13.494005		2781.0		 50.0		 0.002304444444444444
2019-04-26T18:17:14.073942		2781.0		 50.0		 0.0030355555555555552
2019-04-26T18:17:14.664443		2781.0		 50.0		 0.0015865555555555557
2019-04-26T18:17:15.154763		2781.0		 50.0		 0.002035333333333333
2019-04-26T18:17:15.781832		2781.0		 50.0		 0.003697555555555555
2019-04-26T18:17:16.378910		2781.0		 50.0		 0.0037283333333333335
2019-04-26T18:17:17.040119		2781.0		 50.0		 0.003937111111111111
2019-04-26T18:17:17.709072		2781.0		 50.0		 0.0014806666666666664
2019-04-26T18:17:18.160277		2781.0		 50.0		 0.001783666666666667
2019-04-26T18:17:18.684210		2781.0		 50.0		 0.002198222222222222
2019-04-26T18:18:08.287533		2781.0		 50.0		 0.0013169999999999998
2019-04-26T18:18:08.380830		2781.0		 50.0		 0.0012004444444444443
2019-04-26T18:18:08.458572		2781.0		 50.0		 0.001606111111111111
2019-04-26T18:18:08.581535		2781.0		 50.0		 0.0031218888888888885
2019-04-26T18:18:08.692399		2781.0		 50.0		 0.0021405555555555557
2019-04-26T18:18:08.891648		2781.0		 50.0		 0.004449777777777778
2019-04-26T18:18:09.063127		2781.0		 50.0		 0.0035149999999999995
2019-04-26T18:18:09.192409		2781.0		 50.0		 0.0030447777777777778
2019-04-26T18:18:09.348674		2781.0		 50.0		 0.003788555555555555
2019-04-26T18:18:09.508847		2781.0		 50.0		 0.003348
2019-04-26T20:17:41.589039		2781.0		 50.0		 0.0014075555555555553
2019-04-26T20:17:51.182939		2781.0		 50.0		 0.0016457777777777777
2019-04-26T20:18:00.901547		2781.0		 50.0		 0.001898888888888889
2019-04-26T20:18:10.399151		2781.0		 50.0		 0.0013445555555555557
2019-04-26T20:18:19.999951		2781.0		 50.0		 0.001434111111111111
2019-04-26T20:18:29.492116		2781.0		 50.0		 0.0016499999999999998
2019-04-26T20:18:39.105045		2781.0		 50.0		 0.0015016666666666666
2019-04-26T20:18:48.784779		2781.0		 50.0		 0.002027222222222222
2019-04-26T20:18:58.822583		2781.0		 50.0		 0.0016916666666666668
