timestamp				nodes			solutions found		solve time
2019-03-22T22:20:31.547496		187335.0		 93668.0		 0.07520411111111111
2019-03-22T22:26:23.995549		187335.0		 93668.0		 0.07530533333333332
2019-03-22T22:32:08.655294		187335.0		 93668.0		 0.07489966666666666
2019-03-23T08:44:06.556068		187335.0		 93668.0		 0.07484577777777777
2019-03-23T08:49:55.466418		187335.0		 93668.0		 0.07482155555555556
2019-03-23T08:55:41.849689		187335.0		 93668.0		 0.073772
2019-03-23T09:01:27.250726		187335.0		 93668.0		 0.07457833333333334
2019-03-23T09:07:17.741678		187335.0		 93668.0		 0.07490977777777778
2019-03-23T09:13:03.803188		187335.0		 93668.0		 0.07454211111111111
2019-03-23T09:18:53.160562		187335.0		 93668.0		 0.07469544444444444
2019-03-23T09:24:37.279629		187335.0		 93668.0		 0.07489122222222222
2019-03-23T09:30:27.643814		187335.0		 93668.0		 0.075616
2019-03-23T09:36:14.928475		187335.0		 93668.0		 0.07475466666666668
2019-04-16T10:57:10.472549		187335.0		 93668.0		 0.07977377777777778
2019-04-16T10:57:16.513818		187335.0		 93668.0		 0.07939677777777777
2019-04-16T10:57:24.807951		187335.0		 93668.0		 0.07908711111111111
2019-04-16T10:57:28.424772		187335.0		 93668.0		 0.08541266666666666
2019-04-16T10:57:32.001817		187335.0		 93668.0		 0.08269477777777777
2019-04-16T10:57:35.738675		187335.0		 93668.0		 0.08473944444444444
2019-04-16T10:57:39.464136		187335.0		 93668.0		 0.08686622222222222
2019-04-16T10:57:43.436452		187335.0		 93668.0		 0.08286066666666667
2019-04-16T10:57:47.214887		187335.0		 93668.0		 0.080738
