timestamp				nodes			solutions found		solve time
2019-03-22T22:20:20.693287		39.0		 20.0		 1.7111111111111112e-05
2019-03-22T22:26:13.502041		39.0		 20.0		 2.9888888888888892e-05
2019-03-22T22:31:58.078306		39.0		 20.0		 2.5222222222222225e-05
2019-03-23T08:43:55.900863		39.0		 20.0		 2.588888888888889e-05
2019-03-23T08:49:44.950286		39.0		 20.0		 1.9666666666666666e-05
2019-03-23T08:55:30.902008		39.0		 20.0		 2.9333333333333336e-05
2019-03-23T09:01:16.504307		39.0		 20.0		 2.588888888888889e-05
2019-03-23T09:07:07.171262		39.0		 20.0		 3.4111111111111115e-05
2019-03-23T09:12:53.097558		39.0		 20.0		 2.3000000000000003e-05
2019-03-23T09:18:42.445591		39.0		 20.0		 3.0111111111111113e-05
2019-03-23T09:24:26.732763		39.0		 20.0		 3.011111111111111e-05
2019-03-23T09:30:16.637314		39.0		 20.0		 2.6333333333333334e-05
2019-03-23T09:36:04.412394		39.0		 20.0		 2.6444444444444446e-05
2019-04-16T10:57:15.552006		39.0		 20.0		 1.955555555555555e-05
2019-04-16T10:57:23.671246		39.0		 20.0		 1.588888888888889e-05
2019-04-16T10:57:27.332892		39.0		 20.0		 3.188888888888889e-05
2019-04-16T10:57:31.015915		39.0		 20.0		 3.433333333333334e-05
2019-04-16T10:57:34.830043		39.0		 20.0		 3.6222222222222225e-05
2019-04-16T10:57:38.568923		39.0		 20.0		 6e-06
2019-04-16T10:57:42.322160		39.0		 20.0		 2.3777777777777777e-05
2019-04-16T10:57:46.146732		39.0		 20.0		 3.2e-05
2019-04-16T10:57:49.805092		39.0		 20.0		 2.6000000000000002e-05
